0000	1894	1464	0000	0000	1551	14021894	0000	0989	0000	0000	0000	00001464	0989	0000	1661	0000	1483	00000000	0000	1661	0000	0332	0627	00000000	0000	0000	0332	0000	0569	09821551	0000	1483	0627	0569	0000	07071402	0000	0000	0000	0982	0707	0000